0.586499
0.55046
0.517103
0.486228
0.457649
0.431196
0.40671
0.384045
0.363064
0.343641
0.325662
0.309017
0.293608
0.279343
0.266135
0.253907
0.242585
0.232102
0.222395
0.213406
0.205082
0.197373
0.190234
0.183622
0.177497
0.171824
0.166569
0.1617
0.157189
0.153009
0.149136
0.145547
0.14222
0.139137
0.136278
0.133628
0.13117
0.128891
0.126777
0.124815
0.122996
0.121307
0.11974
0.118285
0.116934
0.115679
0.114514
0.113431
0.112424
0.111488
0.110617
0.109807
0.109054
0.108352
0.107699
0.10709
0.106522
0.105993
0.1055
0.105039
0.104608
0.104206
0.10383
0.103478
0.103149
0.102841
0.102552
0.10228
0.102026
0.101786
0.101561
0.10135
0.10115
0.100962
0.100785
0.100617
0.100459
0.100309
0.100167
0.100032
0.099904
0.0997824
0.0996666
0.0995563
0.0994511
0.0993507
0.0992547
0.0991628
0.0990747
0.0989902
0.098909
0.098831
0.0987559
0.0986835
0.0986136
0.0985461
0.0984808
0.0984176
0.0983564
0.098297
0.0982393
0.0981832
0.0981287
0.0980756
0.0980238
0.0979733
0.097924
0.0978758
0.0978286
0.0977825
0.0977374
0.0976931
0.0976497
0.0976071
0.0975653
0.0975243
0.0974839
0.0974442
0.0974051
0.0973667
0.0973288
0.0972915
0.0972548
0.0972186
0.0971828
0.0971475
0.0971127
0.0970784
0.0970445
0.0970109
0.0969778
0.0969451
0.0969128
0.0968808
0.0968492
0.0968179
0.0967869
0.0967563
0.096726
0.0966961
0.0966664
0.096637
0.0966079
0.0965791
0.0965506
0.0965223
0.0964943
0.0964666
0.0964391
0.0964119
0.0963849
0.0963582
0.0963317
0.0963055
0.0962795
0.0962537
0.0962281
0.0962028
0.0961776
0.0961527
0.096128
0.0961035
0.0960792
0.0960551
0.0960313
0.0960076
0.0959841
0.0959608
0.0959377
0.0959148
0.095892
0.0958695
0.0958471
0.0958249
0.0958029
0.0957811
0.0957595
0.095738
0.0957167
0.0956955
0.0956745
0.0956537
0.0956331
0.0956126
0.0955923
0.0955721
0.0955521
0.0955322
0.0955125
0.095493
0.0954736
0.0954543
0.0954352
0.0954162
0.0953974
0.0953787
0.0953602
0.0953418
0.0953236
0.0953055
0.0952875
0.0952697
0.0952519
0.0952344
0.0952169
0.0951996
0.0951824
0.0951654
0.0951485
0.0951317
0.095115
0.0950984
0.095082
0.0950657
0.0950495
0.0950334
0.0950175
0.0950017
0.0949859
0.0949703
0.0949549
0.0949395
0.0949242
0.0949091
0.094894
0.0948791
0.0948643
0.0948495
0.0948349
0.0948204
0.094806
0.0947917
0.0947775
0.0947634
0.0947494
0.0947355
0.0947217
0.094708
0.0946945
0.094681
0.0946675
0.0946542
0.094641
0.0946279
0.0946149
0.0946019
0.0945891
0.0945763
0.0945636
0.0945511
0.0945386
0.0945262
0.0945138
0.0945016
0.0944895
0.0944774
0.0944654
0.0944535
0.0944417
0.09443
0.0944183
0.0944067
0.0943952
0.0943838
0.0943725
0.0943612
0.0943501
0.094339
0.0943279
0.094317
0.0943061
0.0942953
0.0942845
0.0942739
0.0942633
0.0942528
0.0942423
0.094232
0.0942217
0.0942114
0.0942013
0.0941912
0.0941811
0.0941712
0.0941613
0.0941514
0.0941417
0.094132
0.0941223
0.0941128
0.0941033
0.0940938
0.0940844
0.0940751
0.0940659
0.0940567
0.0940475
0.0940384
0.0940294
0.0940205
0.0940116
0.0940027
0.0939939
0.0939852
0.0939765
0.0939679
0.0939594
0.0939508
0.0939424
0.093934
0.0939257
0.0939174
0.0939091
0.093901
0.0938928
0.0938848
0.0938767
0.0938688
0.0938608
0.093853
0.0938452
0.0938374
0.0938297
0.093822
0.0938144
0.0938068
0.0937993
0.0937918
0.0937843
0.0937769
0.0937696
0.0937623
0.0937551
0.0937479
0.0937407
0.0937336
0.0937265
0.0937195
0.0937125
0.0937056
0.0936987
0.0936918
0.093685
0.0936783
0.0936715
0.0936648
0.0936582
0.0936516
0.093645
0.0936385
0.093632
0.0936256
0.0936192
0.0936128
0.0936065
0.0936002
0.093594
0.0935877
0.0935816
0.0935754
0.0935693
0.0935633
0.0935573
0.0935513
0.0935453
0.0935394
0.0935335
0.0935277
0.0935219
0.0935161
0.0935103
0.0935046
0.093499
0.0934933
0.0934877
0.0934821
0.0934766
0.0934711
0.0934656
0.0934602
0.0934548
0.0934494
0.093444
0.0934387
0.0934334
0.0934282
0.0934229
0.0934178
0.0934126
0.0934075
0.0934024
0.0933973
0.0933922
0.0933872
0.0933822
0.0933773
0.0933723
0.0933674
0.0933626
0.0933577
0.0933529
0.0933481
0.0933434
0.0933386
0.0933339
0.0933292
0.0933246
0.09332
0.0933153
0.0933108
0.0933062
0.0933017
0.0932972
0.0932927
0.0932883
0.0932839
0.0932795
0.0932751
0.0932707
0.0932664
0.0932621
0.0932578
0.0932536
0.0932493
0.0932451
0.093241
0.0932368
0.0932327
0.0932285
0.0932245
0.0932204
0.0932163
0.0932123
0.0932083
0.0932043
0.0932004
0.0931964
0.0931925
0.0931886
0.0931847
0.0931809
0.0931771
0.0931733
0.0931695
0.0931657
0.0931619
0.0931582
0.0931545
0.0931508
0.0931471
0.0931435
0.0931399
0.0931363
0.0931327
0.0931291
0.0931255
0.093122
0.0931185
0.093115
0.0931115
0.093108
0.0931046
0.0931012
0.0930978
0.0930944
0.093091
0.0930877
0.0930843
0.093081
0.0930777
0.0930744
0.0930711
0.0930679
0.0930647
0.0930614
0.0930582
0.0930551
0.0930519
0.0930487
0.0930456
0.0930425
0.0930394
0.0930363
0.0930332
0.0930302
0.0930271
0.0930241
0.0930211
0.0930181
0.0930151
0.0930122
0.0930092
0.0930063
0.0930034
0.0930005
0.0929976
0.0929947
0.0929918
0.092989
0.0929862
0.0929833
0.0929805
0.0929777
0.092975
0.0929722
0.0929694
0.0929667
0.092964
0.0929613
0.0929586
0.0929559
0.0929532
0.0929506
0.0929479
0.0929453
0.0929427
0.0929401
0.0929375
0.0929349
0.0929324
0.0929298
0.0929273
0.0929247
0.0929222
0.0929197
0.0929172
0.0929147
0.0929123
0.0929098
0.0929074
0.0929049
0.0929025
0.0929001
0.0928977
0.0928953
0.0928929
0.0928906
0.0928882
0.0928859
0.0928835
0.0928812
0.0928789
0.0928766
0.0928743
0.092872
0.0928698
0.0928675
0.0928653
0.092863
0.0928608
0.0928586
0.0928564
0.0928542
0.092852
0.0928498
0.0928477
0.0928455
0.0928434
0.0928412
0.0928391
0.092837
0.0928349
0.0928328
0.0928307
0.0928286
0.0928266
0.0928245
0.0928225
0.0928204
0.0928184
0.0928164
0.0928144
0.0928124
0.0928104
0.0928084
0.0928064
0.0928044
0.0928025
0.0928005
0.0927986
0.0927967
0.0927947
0.0927928
0.0927909
0.092789
0.0927871
0.0927852
0.0927834
0.0927815
0.0927797
0.0927778
0.092776
0.0927741
0.0927723
0.0927705
0.0927687
0.0927669
0.0927651
0.0927633
0.0927615
0.0927598
0.092758
0.0927562
0.0927545
0.0927528
0.092751
0.0927493
0.0927476
0.0927459
0.0927442
0.0927425
0.0927408
0.0927391
0.0927374
0.0927358
0.0927341
0.0927325
0.0927308
0.0927292
0.0927276
0.0927259
0.0927243
0.0927227
0.0927211
0.0927195
0.0927179
0.0927163
0.0927147
0.0927132
0.0927116
0.0927101
0.0927085
0.092707
0.0927054
0.0927039
0.0927024
0.0927009
0.0926993
0.0926978
0.0926963
0.0926948
0.0926934
0.0926919
0.0926904
0.0926889
0.0926875
0.092686
0.0926846
0.0926831
0.0926817
0.0926802
0.0926788
0.0926774
0.092676
0.0926746
0.0926731
0.0926718
0.0926704
0.092669
0.0926676
0.0926662
0.0926648
0.0926635
0.0926621
0.0926607
0.0926594
0.0926581
0.0926567
0.0926554
0.0926541
0.0926527
0.0926514
0.0926501
0.0926488
0.0926475
0.0926462
0.0926449
0.0926436
0.0926423
0.092641
0.0926398
0.0926385
0.0926372
0.092636
0.0926347
0.0926335
0.0926322
0.092631
0.0926298
0.0926285
0.0926273
0.0926261
0.0926249
0.0926237
0.0926225
0.0926213
0.0926201
0.0926189
0.0926177
0.0926165
0.0926153
0.0926142
0.092613
0.0926118
0.0926107
0.0926095
0.0926084
0.0926072
0.0926061
0.0926049
0.0926038
0.0926027
0.0926015
0.0926004
0.0925993
0.0925982
0.0925971
0.092596
0.0925949
0.0925938
0.0925927
0.0925916
0.0925905
0.0925894
0.0925884
0.0925873
0.0925862
0.0925852
0.0925841
0.092583
0.092582
0.0925809
0.0925799
0.0925789
0.0925778
0.0925768
0.0925758
0.0925747
0.0925737
0.0925727
0.0925717
0.0925707
0.0925697
0.0925687
0.0925677
0.0925667
0.0925657
0.0925647
0.0925637
0.0925627
0.0925617
0.0925608
0.0925598
0.0925588
0.0925578
0.0925569
0.0925559
0.092555
0.092554
0.0925531
0.0925521
0.0925512
0.0925503
0.0925493
0.0925484
0.0925475
0.0925465
0.0925456
0.0925447
0.0925438
0.0925429
0.092542
0.0925411
0.0925402
0.0925393
0.0925384
0.0925375
0.0925366
0.0925357
0.0925348
0.0925339
0.0925331
0.0925322
0.0925313
0.0925304
0.0925296
0.0925287
0.0925279
0.092527
0.0925262
0.0925253
0.0925245
0.0925236
0.0925228
0.0925219
0.0925211
0.0925203
0.0925194
0.0925186
0.0925178
0.092517
0.0925161
0.0925153
0.0925145
0.0925137
0.0925129
0.0925121
0.0925113
0.0925105
0.0925097
0.0925089
0.0925081
0.0925073
0.0925065
0.0925058
0.092505
0.0925042
0.0925034
0.0925027
0.0925019
0.0925011
0.0925004
0.0924996
0.0924988
0.0924981
0.0924973
0.0924966
0.0924958
0.0924951
0.0924943
0.0924936
0.0924928
0.0924921
0.0924914
0.0924906
0.0924899
0.0924892
0.0924885
0.0924877
0.092487
0.0924863
0.0924856
0.0924849
0.0924842
0.0924834
0.0924827
0.092482
0.0924813
0.0924806
0.0924799
0.0924792
0.0924786
0.0924779
0.0924772
0.0924765
0.0924758
0.0924751
0.0924744
0.0924738
0.0924731
0.0924724
0.0924717
0.0924711
0.0924704
0.0924698
0.0924691
0.0924684
0.0924678
0.0924671
0.0924665
0.0924658
0.0924652
0.0924645
0.0924639
0.0924632
0.0924626
0.092462
0.0924613
0.0924607
0.0924601
0.0924594
0.0924588
0.0924582
0.0924575
0.0924569
0.0924563
0.0924557
0.0924551
0.0924544
0.0924538
0.0924532
0.0924526
0.092452
0.0924514
0.0924508
0.0924502
0.0924496
0.092449
0.0924484
0.0924478
0.0924472
0.0924466
0.092446
0.0924455
0.0924449
0.0924443
0.0924437
0.0924431
0.0924425
0.092442
0.0924414
0.0924408
0.0924403
0.0924397
0.0924391
0.0924386
0.092438
0.0924374
0.0924369
0.0924363
0.0924358
0.0924352
0.0924347
0.0924341
0.0924335
0.092433
0.0924325
0.0924319
0.0924314
0.0924308
0.0924303
0.0924297
0.0924292
0.0924287
0.0924281
0.0924276
0.0924271
0.0924266
0.092426
0.0924255
0.092425
0.0924245
0.0924239
0.0924234
0.0924229
0.0924224
0.0924219
0.0924214
0.0924209
0.0924203
0.0924198
0.0924193
0.0924188
0.0924183
0.0924178
0.0924173
0.0924168
0.0924163
0.0924158
0.0924153
0.0924148
0.0924144
0.0924139
0.0924134
0.0924129
0.0924124
0.0924119
0.0924114
0.092411
0.0924105
0.09241
0.0924095
0.0924091
0.0924086
0.0924081
0.0924076
0.0924072
0.0924067
0.0924062
0.0924058
0.0924053
0.0924048
0.0924044
0.0924039
0.0924035
0.092403
0.0924025
0.0924021
0.0924016
0.0924012
0.0924007
0.0924003
0.0923998
0.0923994
0.0923989
0.0923985
0.0923981
0.0923976
0.0923972
0.0923967
0.0923963
